# https://raw.githubusercontent.com/anustg/optics-verification/master/case_details/Round3_layout.csv				
# Loc. X	Loc. Y	Loc. Z	focal length	
# [m]	[m]	[m]	[m]	
1	-239.680159	528.702968	0	583.7956894
2	281.708679	507.556526	0	583.7956894
3	-281.708679	507.556526	0	583.7956894
4	324.319213	427.888751	0	540.4773216
5	-324.319213	427.888751	0	540.4773216
6	328.410988	205.551021	0	392.3633511
7	-328.410988	205.551021	0	392.3633511
8	180.160853	181.555932	0	263.1814762
9	-180.160853	181.555932	0	263.1814762
10	335.248841	251.456607	0	423.6345248
11	-335.248841	251.456607	0	423.6345248
12	-340.605485	303.488608	0	460.3926928
13	340.605485	303.488608	0	460.3926928
14	288.602443	452.747573	0	540.4773214
15	-288.602443	452.747573	0	540.4773214
16	306.71278	440.680162	0	540.4773211
17	-306.71278	440.680162	0	540.4773211
18	321.331716	374.319702	0	497.2055018
19	-321.331716	374.319702	0	497.2055018
20	59.685608	10.728319	0	86.726401
21	-59.685608	10.728319	0	86.726401
22	220.290305	84.9261	0	244.0988753
23	-220.290305	84.9261	0	244.0988753
24	244.770057	258.21983	0	361.1562839
25	-244.770057	258.21983	0	361.1562839
26	89.489469	485.14013	0	497.2055016
27	-89.489469	485.14013	0	497.2055016
28	110.708358	30.316472	0	130.4585337
29	-110.708358	30.316472	0	130.4585337
30	59.421518	248.77615	0	263.1814766
31	-59.421518	248.77615	0	263.1814766
32	218.057798	537.981601	0	583.7956888
33	-218.057798	537.981601	0	583.7956888
34	105.302054	570.86328	0	583.7956895
35	-105.302054	570.86328	0	583.7956895
36	127.094746	332.320308	0	361.1562841
37	-127.094746	332.320308	0	361.1562841
38	196.077187	546.376376	0	583.7956899
39	-196.077187	546.376376	0	583.7956899
40	82.08155	574.661662	0	583.7956891
41	-82.08155	574.661662	0	583.7956891
42	214.264145	284.043549	0	361.1562841
43	-214.264145	284.043549	0	361.1562841
44	58.726192	577.515923	0	583.7956894
45	-58.726192	577.515923	0	583.7956894
46	-35.274353	579.421373	0	583.7956898
47	35.274353	579.421373	0	583.7956898
48	-11.76456	580.374881	0	583.7956897
49	11.76456	580.374881	0	583.7956897
50	173.774436	553.873498	0	583.7956889
51	-173.774436	553.873498	0	583.7956889
52	286.048247	162.15693	0	334.6079341
53	-286.048247	162.15693	0	334.6079341
54	323.021491	322.140572	0	460.392693
55	-323.021491	322.140572	0	460.392693
56	268.191159	138.479329	0	308.134747
57	-268.191159	138.479329	0	308.134747
58	270.017956	464.071156	0	540.4773209
59	-270.017956	464.071156	0	540.4773209
60	320.595827	269.889841	0	423.6345248
61	-320.595827	269.889841	0	423.6345248
62	151.186189	560.460653	0	583.7956897
63	-151.186189	560.460653	0	583.7956897
64	316.347185	223.672656	0	392.3633501
65	-316.347185	223.672656	0	392.3633501
66	128.349555	566.127016	0	583.795689
67	-128.349555	566.127016	0	583.795689
68	221.729627	440.687285	0	497.2055014
69	-221.729627	440.687285	0	497.2055014
70	252.536807	118.137934	0	285.6140934
71	-252.536807	118.137934	0	285.6140934
72	250.989852	474.632309	0	540.477321
73	-250.989852	474.632309	0	540.477321
74	231.549393	484.41368	0	540.4773212
75	-231.549393	484.41368	0	540.4773212
76	303.284575	241.088086	0	392.3633503
77	-303.284575	241.088086	0	392.3633503
78	304.417615	339.775436	0	460.3926924
79	-304.417615	339.775436	0	460.3926924
80	273.550854	410.535311	0	497.2055021
81	-273.550854	410.535311	0	497.2055021
82	150.311833	515.439703	0	540.477321
83	-150.311833	515.439703	0	540.477321
84	211.728517	493.399199	0	540.477321
85	-211.728517	493.399199	0	540.477321
86	103.79794	49.00425	0	130.4585331
87	-103.79794	49.00425	0	130.4585331
88	128.483457	476.299603	0	497.2055013
89	-128.483457	476.299603	0	497.2055013
90	304.930591	287.470947	0	423.6345249
91	-304.930591	287.470947	0	423.6345249
92	98.353395	21.341253	0	118.2067654
93	-98.353395	21.341253	0	118.2067654
94	191.559788	501.574105	0	540.4773216
95	-191.559788	501.574105	0	540.4773216
96	136.347797	37.337598	0	154.3658575
97	-136.347797	37.337598	0	154.3658575
98	171.076343	508.924965	0	540.4773216
99	-171.076343	508.924965	0	540.4773216
100	86.675033	529.867128	0	540.4773212
101	-86.675033	529.867128	0	540.4773212
102	284.852597	356.337522	0	460.3926928
103	-284.852597	356.337522	0	460.3926928
104	65.596493	94.194103	0	130.4585334
105	-65.596493	94.194103	0	130.4585334
106	65.131182	532.944335	0	540.4773215
107	-65.131182	532.944335	0	540.4773215
108	129.300373	521.107617	0	540.4773214
109	-129.300373	521.107617	0	540.4773214
110	284.627611	213.487668	0	361.1562838
111	-284.627611	213.487668	0	361.1562838
112	186.207651	71.786589	0	208.9751269
113	-186.207651	71.786589	0	208.9751269
114	108.076483	525.919394	0	540.4773216
115	-108.076483	525.919394	0	540.4773216
116	272.514754	183.995051	0	334.6079347
117	-272.514754	183.995051	0	334.6079347
118	288.302592	304.144416	0	423.6345245
119	-288.302592	304.144416	0	423.6345245
120	272.187143	229.137558	0	361.1562838
121	-272.187143	229.137558	0	361.1562838
122	264.388209	371.774537	0	460.3926926
123	-264.388209	371.774537	0	460.3926926
124	256.560793	158.995541	0	308.1347474
125	-256.560793	158.995541	0	308.1347474
126	43.480327	535.145958	0	540.4773216
127	-43.480327	535.145958	0	540.4773216
128	21.758037	536.46838	0	540.4773214
129	-21.758037	536.46838	0	540.4773214
130	0	536.909429	0	540.4773214
131	217.410638	134.733455	0	263.1814762
132	-217.410638	134.733455	0	263.1814762
133	203.688812	449.310782	0	497.2055017
134	-203.688812	449.310782	0	497.2055017
135	197.371292	88.765154	0	225.1192561
136	-197.371292	88.765154	0	225.1192561
137	289.264399	257.742325	0	392.3633503
138	-289.264399	257.742325	0	392.3633503
139	78.808223	17.100235	0	101.7209617
140	-78.808223	17.100235	0	101.7209617
141	270.764331	319.857606	0	423.6345253
142	-270.764331	319.857606	0	423.6345253
143	242.542371	137.49403	0	285.6140928
144	-242.542371	137.49403	0	285.6140928
145	147.679761	470.701603	0	497.2055017
146	-147.679761	470.701603	0	497.2055017
147	209.706535	108.459348	0	244.0988754
148	-209.706535	108.459348	0	244.0988754
149	221.02241	399.082104	0	460.3926927
150	-221.02241	399.082104	0	460.3926927
151	144.261728	53.345494	0	165.8348211
152	-144.261728	53.345494	0	165.8348211
153	252.371181	334.560903	0	423.6345251
154	-252.371181	334.560903	0	423.6345251
155	89.02034	344.478215	0	361.1562841
156	-89.02034	344.478215	0	361.1562841
157	198.257917	410.866438	0	460.3926927
158	-198.257917	410.866438	0	460.3926927
159	274.330924	273.58279	0	392.3633505
160	-274.330924	273.58279	0	392.3633505
161	243.089064	386.037742	0	460.3926925
162	-243.089064	386.037742	0	460.3926925
163	257.317568	204.709889	0	334.6079339
164	-257.317568	204.709889	0	334.6079339
165	9.997946	493.22343	0	497.2055016
166	-9.997946	493.22343	0	497.2055016
167	9.985057	182.445829	0	192.9512422
168	-9.985057	182.445829	0	192.9512422
169	231.067224	156.01073	0	285.6140926
170	-231.067224	156.01073	0	285.6140926
171	258.531299	288.559467	0	392.3633502
172	-258.531299	288.559467	0	392.3633502
173	174.867462	421.353536	0	460.3926928
174	-174.867462	421.353536	0	460.3926928
175	243.364133	178.541091	0	308.1347472
176	-243.364133	178.541091	0	308.1347472
177	233.181215	348.207886	0	423.6345252
178	-233.181215	348.207886	0	423.6345252
179	150.924895	430.510287	0	460.3926923
180	-150.924895	430.510287	0	460.3926923
181	69.755851	488.368132	0	497.2055019
182	-69.755851	488.368132	0	497.2055019
183	241.915409	302.625071	0	392.3633504
184	-241.915409	302.625071	0	392.3633504
185	213.255023	360.755466	0	423.6345254
186	-213.255023	360.755466	0	423.6345254
187	149.701185	207.388632	0	263.1814763
188	-149.701185	207.388632	0	263.1814763
189	51.166496	453.32044	0	460.3926929
190	-51.166496	453.32044	0	460.3926929
191	192.655517	372.164027	0	423.6345255
192	-192.655517	372.164027	0	423.6345255
193	240.549469	224.174982	0	334.6079341
194	-240.549469	224.174982	0	334.6079341
195	25.623699	455.478713	0	460.3926932
196	-25.623699	455.478713	0	460.3926932
197	0	456.198895	0	460.392693
198	133.608486	124.639297	0	192.9512423
199	-133.608486	124.639297	0	192.9512423
200	177.261369	91.678844	0	208.9751262
201	-177.261369	91.678844	0	208.9751262
202	152.158878	71.836028	0	179.3230021
203	-152.158878	71.836028	0	179.3230021
204	186.505449	109.774301	0	225.1192565
205	-186.505449	109.774301	0	225.1192565
206	228.681745	196.996655	0	308.1347474
207	-228.681745	196.996655	0	308.1347474
208	229.880003	271.56039	0	361.1562836
209	-229.880003	271.56039	0	361.1562836
210	126.50581	438.307782	0	460.392693
211	-126.50581	438.307782	0	460.392693
212	149.69864	391.423719	0	423.6345248
213	-149.69864	391.423719	0	423.6345248
214	120.923706	44.715497	0	143.0594923
215	-120.923706	44.715497	0	143.0594923
216	196.617772	130.697026	0	244.0988752
217	187.70665	338.926559	0	392.3633505
218	-187.70665	338.926559	0	392.3633505
219	-196.617772	130.697026	0	244.0988752
220	101.687307	444.721399	0	460.3926923
221	-101.687307	444.721399	0	460.3926923
222	181.05437	306.282838	0	361.1562844
223	-181.05437	306.282838	0	361.1562844
224	224.535716	315.735191	0	392.3633502
225	-224.535716	315.735191	0	392.3633502
226	49.822559	352.289049	0	361.1562839
227	-49.822559	352.289049	0	361.1562839
228	127.476899	399.214042	0	423.6345254
229	-127.476899	399.214042	0	423.6345254
230	9.962265	114.351136	0	130.4585338
231	-9.962265	114.351136	0	130.4585338
232	76.547744	449.730891	0	460.3926926
233	-76.547744	449.730891	0	460.3926926
234	206.227736	151.296432	0	263.1814762
235	-206.227736	151.296432	0	263.1814762
236	218.181421	173.574991	0	285.6140927
237	-218.181421	173.574991	0	285.6140927
238	222.312825	242.271496	0	334.6079347
239	-222.312825	242.271496	0	334.6079347
240	104.852673	405.743919	0	423.6345251
241	-104.852673	405.743919	0	423.6345251
242	81.897393	410.992734	0	423.6345245
243	-81.897393	410.992734	0	423.6345245
244	206.447092	327.848436	0	392.3633505
245	-206.447092	327.848436	0	392.3633505
246	58.683538	414.943916	0	423.6345253
247	-58.683538	414.943916	0	423.6345253
248	171.447736	382.397548	0	423.6345251
249	-171.447736	382.397548	0	423.6345251
250	-35.2844	417.584988	0	423.6345254
251	35.2844	417.584988	0	423.6345254
252	212.603264	214.249561	0	308.1347469
253	-212.603264	214.249561	0	308.1347469
254	11.773858	418.907612	0	423.6345254
255	-11.773858	418.907612	0	423.6345254
256	157.46757	92.683043	0	192.9512427
257	-157.46757	92.683043	0	192.9512427
258	202.71897	258.888951	0	334.6079344
259	-202.71897	258.888951	0	334.6079344
260	115.591417	228.164664	0	263.1814765
261	-115.591417	228.164664	0	263.1814765
262	168.373558	348.934584	0	392.3633507
263	-168.373558	348.934584	0	392.3633507
264	107.436987	372.239563	0	392.36335
265	-107.436987	372.239563	0	392.36335
266	173.411756	129.47217	0	225.1192571
267	-173.411756	129.47217	0	225.1192571
268	166.197661	110.475974	0	208.9751262
269	-166.197661	110.475974	0	208.9751262
270	19.969475	254.993548	0	263.1814763
271	-19.969475	254.993548	0	263.1814763
272	128.175267	365.617422	0	392.3633499
273	-128.175267	365.617422	0	392.3633499
274	195.226848	230.194483	0	308.1347468
275	-195.226848	230.194483	0	308.1347468
276	85.542159	29.975586	0	109.8180164
277	-85.542159	29.975586	0	109.8180164
278	181.180366	151.373498	0	244.0988753
279	-181.180366	151.373498	0	244.0988753
280	163.565306	315.968752	0	361.1562841
281	-163.565306	315.968752	0	361.1562841
282	132.863466	77.488627	0	165.8348212
283	-132.863466	77.488627	0	165.8348212
284	181.887523	273.9259	0	334.6079343
285	-181.887523	273.9259	0	334.6079343
286	148.508857	357.840912	0	392.3633506
287	-148.508857	357.840912	0	392.3633506
288	203.963629	190.079584	0	285.6140932
289	-203.963629	190.079584	0	285.6140932
290	127.836966	60.353362	0	154.3658582
291	-127.836966	60.353362	0	154.3658582
292	176.65858	244.734077	0	308.134747
293	-176.65858	244.734077	0	308.134747
294	188.500647	205.423748	0	285.6140931
295	-188.500647	205.423748	0	285.6140931
296	171.886876	219.513808	0	285.6140929
297	-171.886876	219.513808	0	285.6140929
298	-159.945661	287.290542	0	334.6079347
299	159.945661	287.290542	0	334.6079347
300	108.228399	338.934323	0	361.1562843
301	-108.228399	338.934323	0	361.1562843
302	86.359495	377.686426	0	392.3633504
303	-86.359495	377.686426	0	392.3633504
304	137.444122	97.066227	0	179.3230021
305	-137.444122	97.066227	0	179.3230021
306	65.009338	381.940813	0	392.3633503
307	-65.009338	381.940813	0	392.3633503
308	158.24662	147.623464	0	225.119257
309	-158.24662	147.623464	0	225.119257
310	137.027336	298.901286	0	334.6079341
311	-137.027336	298.901286	0	334.6079341
312	43.453927	384.989292	0	392.3633504
313	-43.453927	384.989292	0	392.3633504
314	163.57872	170.241779	0	244.0988754
315	-163.57872	170.241779	0	244.0988754
316	157.011819	257.779578	0	308.1347467
317	-157.011819	257.779578	0	308.1347467
318	21.761317	386.822238	0	392.3633504
319	-21.761317	386.822238	0	392.3633504
320	0	387.433864	0	392.3633507
321	165.436009	195.067723	0	263.1814766
322	-165.436009	195.067723	0	263.1814766
323	113.272465	308.68725	0	334.6079342
324	-113.272465	308.68725	0	334.6079342
325	29.956597	354.53133	0	361.1562843
326	-29.956597	354.53133	0	361.1562843
327	136.406506	269.251346	0	308.1347468
328	-136.406506	269.251346	0	308.1347468
329	88.82607	316.58869	0	334.6079338
330	-88.82607	316.58869	0	334.6079338
331	138.270312	143.902482	0	208.9751265
332	-138.270312	143.902482	0	208.9751265
333	63.837396	322.55737	0	334.6079349
334	-63.837396	322.55737	0	334.6079349
335	153.148684	127.953445	0	208.9751265
336	-153.148684	127.953445	0	208.9751265
337	141.191193	164.011362	0	225.1192569
338	-141.191193	164.011362	0	225.1192569
339	116.186466	253.440555	0	285.6140924
340	-116.186466	253.440555	0	285.6140924
341	114.968438	279.079345	0	308.1347474
342	-114.968438	279.079345	0	308.1347474
343	144.023089	187.076484	0	244.0988755
344	43.461313	16.533732	0	77.50000014
345	-144.023089	187.076484	0	244.0988755
346	-43.461313	16.533732	0	77.50000014
347	38.458997	326.556849	0	334.6079349
348	-38.458997	326.556849	0	334.6079349
349	12.845807	328.562711	0	334.6079345
350	-12.845807	328.562711	0	334.6079345
351	117.461914	99.296962	0	165.8348211
352	-117.461914	99.296962	0	165.8348211
353	92.828491	287.203575	0	308.1347469
354	-92.828491	287.203575	0	308.1347469
355	111.369404	64.952861	0	143.0594922
356	-111.369404	64.952861	0	143.0594922
357	154.223742	232.263745	0	285.6140925
358	-154.223742	232.263745	0	285.6140925
359	70.12183	293.574439	0	308.1347469
360	-70.12183	293.574439	0	308.1347469
361	118.588057	119.371737	0	179.3230015
362	-118.588057	119.371737	0	179.3230015
363	46.987078	298.153043	0	308.1347474
364	-46.987078	298.153043	0	308.1347474
365	-122.449204	178.440108	0	225.1192566
366	122.74707	201.676518	0	244.0988757
367	-122.74707	201.676518	0	244.0988757
368	122.449204	178.440108	0	225.1192566
369	-23.565472	300.911434	0	308.1347474
370	23.565472	300.911434	0	308.1347474
371	0	301.832772	0	308.1347469
372	32.60966	276.889906	0	285.6140927
373	-32.60966	276.889906	0	285.6140927
374	135.619079	243.595721	0	285.6140926
375	-135.619079	243.595721	0	285.6140926
376	90.16174	44.718007	0	118.2067659
377	-90.16174	44.718007	0	118.2067659
378	84.532365	180.778546	0	208.9751263
379	-84.532365	180.778546	0	208.9751263
380	100.004809	213.867481	0	244.098876
381	-100.004809	213.867481	0	244.098876
382	119.208496	138.475689	0	192.9512424
383	-119.208496	138.475689	0	192.9512424
384	102.244533	190.737346	0	225.1192566
385	-102.244533	190.737346	0	225.1192566
386	97.424712	236.492949	0	263.1814762
387	-97.424712	236.492949	0	263.1814762
388	68.235525	169.499543	0	192.9512424
389	-68.235525	169.499543	0	192.9512424
390	96.04454	261.738145	0	285.6140932
391	-96.04454	261.738145	0	285.6140932
392	-98.521135	118.113394	0	165.8348211
393	98.521135	118.113394	0	165.8348211
394	115.474297	81.550627	0	154.3658577
395	-115.474297	81.550627	0	154.3658577
396	76.067968	223.503748	0	244.0988757
397	-76.067968	223.503748	0	244.0988757
398	96.158833	138.080476	0	179.3230019
399	-96.158833	138.080476	0	179.3230019
400	80.818528	200.756184	0	225.119257
401	-80.818528	200.756184	0	225.119257
402	121.740269	158.132572	0	208.9751263
403	-121.740269	158.132572	0	208.9751263
404	54.128188	273.498719	0	285.6140928
405	-54.128188	273.498719	0	285.6140928
406	39.817038	252.656077	0	263.1814769
407	-39.817038	252.656077	0	263.1814769
408	51.222478	230.470212	0	244.0988752
409	-51.222478	230.470212	0	244.0988752
410	25.765124	234.683658	0	244.0988753
411	-25.765124	234.683658	0	244.0988753
412	58.427127	208.376943	0	225.1192563
413	-58.427127	208.376943	0	225.1192563
414	0	236.093755	0	244.0988758
415	55.616018	24.172859	0	86.72640065
416	-55.616018	24.172859	0	86.72640065
417	75.316266	268.437833	0	285.614093
418	-75.316266	268.437833	0	285.614093
419	35.337801	213.508594	0	225.119257
420	-35.337801	213.508594	0	225.119257
421	48.319513	104.118459	0	130.458533
422	-48.319513	104.118459	0	130.458533
423	72.244445	35.831469	0	101.7209615
424	-72.244445	35.831469	0	101.7209615
425	93.760002	66.215488	0	130.458533
426	-93.760002	66.215488	0	130.458533
427	76.611829	133.370969	0	165.8348206
428	-76.611829	133.370969	0	165.8348206
429	11.826356	216.089835	0	225.1192561
430	-11.826356	216.089835	0	225.1192561
431	70.832262	152.628732	0	179.3230024
432	-70.832262	152.628732	0	179.3230024
433	98.459447	83.23314	0	143.0594922
434	-98.459447	83.23314	0	143.0594922
435	10.892052	278.590691	0	285.6140926
436	-10.892052	278.590691	0	285.6140926
437	103.756012	170.473733	0	208.9751269
438	-103.756012	170.473733	0	208.9751269
439	86.325618	161.040584	0	192.9512426
440	-86.325618	161.040584	0	192.9512426
441	80.896996	81.431597	0	130.4585335
442	-80.896996	81.431597	0	130.4585335
443	43.371453	162.578154	0	179.3230021
444	-43.371453	162.578154	0	179.3230021
445	52.394144	144.609963	0	165.8348206
446	-52.394144	144.609963	0	165.8348206
447	75.629572	49.961631	0	109.8180164
448	-75.629572	49.961631	0	109.8180164
449	29.835898	180.266473	0	192.9512428
450	-29.835898	180.266473	0	192.9512428
451	21.778822	198.374107	0	208.9751263
452	-21.778822	198.374107	0	208.9751263
453	14.603826	167.628957	0	179.3230018
454	-14.603826	167.628957	0	179.3230018
455	26.597779	151.491736	0	165.8348212
456	-26.597779	151.491736	0	165.8348212
457	0	153.808933	0	165.834821
458	99.63229	100.290702	0	154.365858
459	-99.63229	100.290702	0	154.365858
460	64.29896	188.923919	0	208.9751263
461	-64.29896	188.923919	0	208.9751263
462	43.29749	194.812553	0	208.9751264
463	-43.29749	194.812553	0	208.9751264
464	82.582823	99.005534	0	143.0594926
465	-82.582823	99.005534	0	143.0594926
466	0	199.566038	0	208.9751266
467	76.508347	65.385873	0	118.2067661
468	-76.508347	65.385873	0	118.2067661
469	80.788276	116.008933	0	154.3658579
470	-80.788276	116.008933	0	154.3658579
471	64.217908	111.794806	0	143.0594924
472	-64.217908	111.794806	0	143.0594924
473	61.135564	66.921144	0	109.8180163
474	-61.135564	66.921144	0	109.8180163
475	43.918052	121.215606	0	143.0594926
476	-43.918052	121.215606	0	143.0594926
477	59.510043	128.231716	0	154.3658583
478	-59.510043	128.231716	0	154.3658583
479	61.304308	52.392136	0	101.7209619
480	-61.304308	52.392136	0	101.7209619
481	48.562311	36.320387	0	86.7264006
482	-48.562311	36.320387	0	86.7264006
483	22.294908	126.984076	0	143.0594928
484	-22.294908	126.984076	0	143.0594928
485	0	128.926407	0	143.0594926
486	36.438722	136.590767	0	154.3658579
487	-36.438722	136.590767	0	154.3658579
488	58.220299	82.092852	0	118.2067662
489	-58.220299	82.092852	0	118.2067662
490	36.581952	28.705589	0	77.50000034
491	-36.581952	28.705589	0	77.50000034
492	42.938141	79.826768	0	109.8180169
493	-42.938141	79.826768	0	109.8180169
494	12.26947	140.834222	0	154.3658576
495	-12.26947	140.834222	0	154.3658576
496	22.139648	87.896716	0	109.8180163
497	-22.139648	87.896716	0	109.8180163
498	29.586624	110.905638	0	130.4585331
499	-29.586624	110.905638	0	130.4585331
500	46.650532	65.779038	0	101.7209613
501	-46.650532	65.779038	0	101.7209613
502	36.405433	93.826883	0	118.206766
503	-36.405433	93.826883	0	118.206766
504	0	90.642136	0	109.8180168
505	38.902959	46.519119	0	86.72640112
506	-38.902959	46.519119	0	86.72640112
507	12.385232	99.877152	0	118.2067657
508	-12.385232	99.877152	0	118.2067657
509	29.170803	75.181236	0	101.7209614
510	-29.170803	75.181236	0	101.7209614
511	26.395373	38.282297	0	77.49999987
512	-26.395373	38.282297	0	77.49999987
513	9.92399	80.029173	0	101.720962
514	-9.92399	80.029173	0	101.720962
515	27.15624	54.221834	0	86.72640113
516	-27.15624	54.221834	0	86.72640113
517	13.952434	59.015237	0	86.7264009
518	-13.952434	59.015237	0	86.7264009
519	0	60.642136	0	86.72640116
520	13.822503	44.398068	0	77.5000002
521	-13.822503	44.398068	0	77.5000002
522	0	46.5	0	77.5
